%YAML:1.0
---
model_type: PINHOLE
camera_name: camera
image_width: 1280
image_height: 720
distortion_parameters:
   k1: 0.0
   k2: 0.0
   p1: 0.0
   p2: 0.0
projection_parameters:
   fx: 535.4345092773438
   fy: 535.4345092773438
   cx: 662.8785400390625
   cy: 351.81787109375

