%YAML:1.0
---
model_type: PINHOLE
camera_name: camera
image_width: 640
image_height: 480
distortion_parameters:
   k1: 0.007532405272341989
   k2: -0.003198723534231893
   p1: -0.00015249992792258453
   p2: 0.001638891018727039
projection_parameters:
   fx: 391.57645976863694
   fy: 392.2173924045597
   cx: 326.83301528066227
   cy: 235.30947818084246
