%YAML:1.0
---
model_type: PINHOLE
camera_name: camera
image_width: 640
image_height: 480
distortion_parameters:
   k1: 0.0
   k2: 0.0
   p1: 0.0
   p2: 0.0
projection_parameters:
   fx: 607.10791015625
   fy: 606.7549438476562
   cx: 321.0293884277344
   cy: 249.6993865966797
