%YAML:1.0

#common parameters
#support: 1 imu 1 cam; 1 imu 2 cam: 2 cam; 
imu: 1         
num_of_cam: 2  

imu_topic: "/camera/imu"
image0_topic: "/camera/infra1/image_rect_raw"
image1_topic: "/camera/infra2/image_rect_raw"
output_path: "/home/ocean/vins_fusion/vins_output"

cam0_calib: "left.yaml"
cam1_calib: "right.yaml"
image_width: 640
image_height: 480
   

# Extrinsic parameter between IMU and Camera.
estimate_extrinsic: 1   # 0  Have an accurate extrinsic parameters. We will trust the following imu^R_cam, imu^T_cam, don't change it.
                        # 1  Have an initial guess about extrinsic parameters. We will optimize around your initial guess.

body_T_cam0: !!opencv-matrix
   rows: 4
   cols: 4
   dt: d
   data: [ 9.8999445722121671e-01, -2.4078623795742920e-02,
       -1.3903666619770363e-01, 9.0592731634910328e-02,
       2.2007123135842705e-02, 9.9962300718367614e-01,
       -1.6417370080134889e-02, 7.5682572669842449e-02,
       1.3937955805121652e-01, 1.3193308348073059e-02,
       9.9015113766145835e-01, -5.3200662833340640e-01, 0., 0., 0., 1. ]
body_T_cam1: !!opencv-matrix
   rows: 4
   cols: 4
   dt: d
   data: [ 9.8904079147978208e-01, -2.1374615057548962e-02,
       -1.4608709258585381e-01, 1.2610997878595445e-01,
       1.9151779443680014e-02, 9.9967868097559787e-01,
       -1.6605545670932913e-02, 7.6629813030045221e-02,
       1.4639508917032309e-01, 1.3625734256560423e-02,
       9.8913235577084568e-01, -5.2401497832661648e-01, 0., 0., 0., 1. ]

#Multiple thread support
multiple_thread: 1

#feature traker paprameters
max_cnt: 150            # max feature number in feature tracking
min_dist: 30            # min distance between two features 
freq: 10                # frequence (Hz) of publish tracking result. At least 10Hz for good estimation. If set 0, the frequence will be same as raw image 
F_threshold: 1.0        # ransac threshold (pixel)
show_track: 1           # publish tracking image as topic
flow_back: 1            # perform forward and backward optical flow to improve feature tracking accuracy

#optimization parameters
max_solver_time: 0.04  # max solver itration time (ms), to guarantee real time
max_num_iterations: 8   # max solver itrations, to guarantee real time
keyframe_parallax: 10.0 # keyframe selection threshold (pixel)

#imu parameters       The more accurate parameters you provide, the better performance
acc_n: 0.2         # accelerometer measurement noise standard deviation. #0.2   0.04
gyr_n: 0.002         # gyroscope measurement noise standard deviation.     #0.05  0.004
acc_w: 0.002         # accelerometer bias random work noise standard deviation.  #0.002
gyr_w: 0.0002       # gyroscope bias random work noise standard deviation.     #4.0e-5
g_norm: 9.8046         # gravity magnitude

#unsynchronization parameters
estimate_td: 1                      # online estimate time offset between camera and imu
td: 0.00                             # initial value of time offset. unit: s. readed image clock + td = real image clock (IMU clock)

#loop closure parameters
load_previous_pose_graph: 1        # load and reuse previous pose graph; load from 'pose_graph_save_path'
pose_graph_save_path: "/home/ocean/vins_fusion/vins_output/pose_graph/" # save and load path
save_image: 1                   # save image in pose graph for visualization prupose; you can close this function by setting 0 
