%YAML:1.0

#common parameters
#support: 1 imu 1 cam; 1 imu 2 cam: 2 cam; 
imu: 1         
num_of_cam: 2  

imu_topic: "/camera/imu"
image0_topic: "/camera/infra1/image_rect_raw"
image1_topic: "/camera/infra2/image_rect_raw"
output_path: "/home/ocean/vins_fusion/vins_output"

cam0_calib: "left.yaml"
cam1_calib: "right.yaml"
image_width: 640
image_height: 480
   

# Extrinsic parameter between IMU and Camera.
estimate_extrinsic: 1   # 0  Have an accurate extrinsic parameters. We will trust the following imu^R_cam, imu^T_cam, don't change it.
                        # 1  Have an initial guess about extrinsic parameters. We will optimize around your initial guess.

body_T_cam0: !!opencv-matrix
   rows: 4
   cols: 4
   dt: d
   data: [ 9.9993961724708558e-01, -1.0594942619596147e-02,
       2.9170277063096687e-03, 3.2237851861632557e-03,
       1.0603501328048491e-02, 9.9993947573182995e-01,
       -2.9343879667189429e-03, 1.4390688925295901e-02,
       -2.8857614832114922e-03, 2.9651414874532021e-03,
       9.9999144012167496e-01, 6.6569715769490842e-03, 0., 0., 0., 1. ]
body_T_cam1: !!opencv-matrix
   rows: 4
   cols: 4
   dt: d
   data: [ 9.9992685146472737e-01, -1.0892796505912216e-02,
       -5.2572525255844063e-03, 5.1984933070651246e-02,
       1.0874801956791349e-02, 9.9993495269645216e-01,
       -3.4393398123044681e-03, 1.6583085192925916e-02,
       5.2943745841736618e-03, 3.3819166495823215e-03,
       9.9998026592405198e-01, 1.3789106288258402e-02, 0., 0., 0., 1. ]

#Multiple thread support
multiple_thread: 1

#feature traker paprameters
max_cnt: 150            # max feature number in feature tracking
min_dist: 30            # min distance between two features 
freq: 10                # frequence (Hz) of publish tracking result. At least 10Hz for good estimation. If set 0, the frequence will be same as raw image 
F_threshold: 1.0        # ransac threshold (pixel)
show_track: 1           # publish tracking image as topic
flow_back: 1            # perform forward and backward optical flow to improve feature tracking accuracy

#optimization parameters
max_solver_time: 0.04  # max solver itration time (ms), to guarantee real time
max_num_iterations: 8   # max solver itrations, to guarantee real time
keyframe_parallax: 10.0 # keyframe selection threshold (pixel)

#imu parameters       The more accurate parameters you provide, the better performance
acc_n: 1.7512828345266122e-02 #0.04         # accelerometer measurement noise standard deviation. #0.2   0.04
gyr_n: 3.3502044635737617e-03 #0.004         # gyroscope measurement noise standard deviation.     #0.05  0.004
acc_w: 4.2528647943077756e-04 #0.002         # accelerometer bias random work noise standard deviation.  #0.002
gyr_w: 4.8760608618583259e-05 #4.0e-5       # gyroscope bias random work noise standard deviation.     #4.0e-5
g_norm: 9.8046         # gravity magnitude

#unsynchronization parameters
estimate_td: 1                      # online estimate time offset between camera and imu
td: 0.002004                             # initial value of time offset. unit: s. readed image clock + td = real image clock (IMU clock)

#loop closure parameters
load_previous_pose_graph: 1        # load and reuse previous pose graph; load from 'pose_graph_save_path'
pose_graph_save_path: "/home/ocean/vins_fusion/vins_output/pose_graph/" # save and load path
save_image: 1                   # save image in pose graph for visualization prupose; you can close this function by setting 0 
