%YAML:1.0
---
model_type: PINHOLE
camera_name: camera
image_width: 640
image_height: 480
distortion_parameters:
   k1: 0.008201265555289014
   k2: -0.004766622567833541
   p1: -0.00030067013159617873
   p2: -0.00032089914416580964
projection_parameters:
   fx: 390.08019596376727
   fy: 390.67125710975415
   cx: 323.57882400044787
   cy: 235.25512557224272
